   111   
   111   
 1111111 
 1110111 
 1111111 
   111   
   111   

   111   
   101   
 1110111 
 1111111 
 1111111 
   111   
   111   

   111   
   101   
 1001111 
 1111111 
 1111111 
   111   
   111   

   011   
   001   
 1011111 
 1111111 
 1111111 
   111   
   111   

   100   
   001   
 1011111 
 1111111 
 1111111 
   111   
   111   

   100   
   001   
 1100111 
 1111111 
 1111111 
   111   
   111   

   100   
   001   
 0010111 
 1111111 
 1111111 
   111   
   111   

   101   
   000   
 0010011 
 1111111 
 1111111 
   111   
   111   

   101   
   000   
 0010100 
 1111111 
 1111111 
   111   
   111   

   101   
   100   
 0000100 
 1101111 
 1111111 
   111   
   111   

   001   
   000   
 0010100 
 1101111 
 1111111 
   111   
   111   

   001   
   000   
 0010100 
 0011111 
 1111111 
   111   
   111   

   001   
   100   
 0000100 
 0001111 
 1111111 
   111   
   111   

   001   
   101   
 0000000 
 0001011 
 1111111 
   111   
   111   

   000   
   100   
 0000100 
 0001011 
 1111111 
   111   
   111   

   000   
   100   
 0000100 
 0001100 
 1111111 
   111   
   111   

   000   
   101   
 0000000 
 0001000 
 1111111 
   111   
   111   

   000   
   101   
 0000000 
 0011000 
 1101111 
   011   
   111   

   000   
   101   
 0000000 
 0011000 
 0011111 
   011   
   111   

   000   
   101   
 0010000 
 0001000 
 0001111 
   011   
   111   

   000   
   001   
 0000000 
 0011000 
 0001111 
   011   
   111   

   000   
   001   
 0000000 
 0000100 
 0001111 
   011   
   111   

   000   
   001   
 0000100 
 0000000 
 0001011 
   011   
   111   

   000   
   000   
 0000000 
 0000100 
 0001011 
   011   
   111   

   000   
   000   
 0000000 
 0000100 
 0001100 
   011   
   111   

   000   
   000   
 0000000 
 0000100 
 0000010 
   011   
   111   

   000   
   000   
 0000000 
 0000100 
 0000110 
   010   
   110   

   000   
   000   
 0000000 
 0000000 
 0000010 
   011   
   110   

   000   
   000   
 0000000 
 0000000 
 0000010 
   011   
   001   

   000   
   000   
 0000000 
 0000000 
 0000110 
   010   
   000   

   000   
   000   
 0000000 
 0000000 
 0001000 
   010   
   000   

   000   
   000   
 0000000 
 0001000 
 0000000 
   000   
   000   

